0 0 0
1 0 0
2 0 0
3 0 0
4 0 0
5 0 0
6 0 0
7 0 0
8 0 0
9 0 0
10 0 0
11 0 0
12 0 0
13 0 0
14 0 0
15 0 0
16 0 0
17 0 0
18 0 0
19 0 0
20 2068 1
21 2519 7
22 7950 0
23 0 0
24 0 0
25 0 0
26 0 0
27 2113 4
28 0 0
29 0 0
30 0 0
31 0 0
32 0 0
33 0 0
34 0 0
35 4724 5
36 0 0
37 5506 3
38 0 0
39 0 0
40 0 0
41 0 0
42 0 0
43 0 0
44 1227 4
45 4450 2
46 0 0
47 0 0
48 0 0
49 0 0
50 0 0
51 0 0
52 0 0
53 0 0
54 7487 6
55 0 0
56 0 0
57 0 0
58 0 0
59 0 0
60 0 0
61 2177 1
62 0 0
63 0 0
64 0 0
65 0 0
66 7756 5
67 0 0
68 7743 5
69 0 0
70 0 0
71 0 0
72 0 0
73 0 0
74 2779 4
75 0 0
76 0 0
77 5107 3
78 0 0
79 0 0
80 769 2
81 0 0
82 0 0
83 0 0
84 0 0
85 0 0
86 0 0
87 0 0
88 0 0
89 0 0
90 0 0
91 0 0
92 2018 1
93 5388 2
94 0 0
95 0 0
96 0 0
97 0 0
98 0 0
99 0 0
100 0 0
101 0 0
102 0 0
103 0 0
104 8091 4
105 0 0
106 0 0
107 0 0
108 0 0
109 0 0
110 0 0
111 0 0
112 2984 2
113 0 0
114 4580 1
115 0 0
116 0 0
117 0 0
118 0 0
119 0 0
120 0 0
121 0 0
122 0 0
123 0 0
124 0 0
125 0 0
126 0 0
127 0 0
128 0 0
129 0 0
130 0 0
131 0 0
132 0 0
133 0 0
134 0 0
135 0 0
136 0 0
137 0 0
138 0 0
139 0 0
140 0 0
141 0 0
142 0 0
143 0 0
144 0 0
145 0 0
146 0 0
147 0 0
148 2623 1
149 0 0
150 0 0
151 0 0
152 0 0
153 0 0
154 0 0
155 0 0
156 0 0
157 0 0
158 0 0
159 0 0
160 0 0
161 0 0
162 5999 2
163 2103 6
164 0 0
165 7661 0
166 0 0
167 0 0
168 0 0
169 0 0
170 7462 4
171 0 0
172 0 0
173 0 0
174 0 0
175 0 0
176 0 0
177 0 0
178 0 0
179 0 0
180 1193 1
181 0 0
182 0 0
183 4559 0
184 6662 7
185 7854 4
186 4783 5
187 0 0
188 4945 6
189 0 0
190 0 0
191 0 0
192 5119 6
193 0 0
194 0 0
195 0 0
196 0 0
197 0 0
198 0 0
199 0 0
200 0 0
201 0 0
202 0 0
203 0 0
204 0 0
205 0 0
206 0 0
207 0 0
208 0 0
209 0 0
210 0 0
211 0 0
212 3572 2
213 0 0
214 0 0
215 0 0
216 0 0
217 0 0
218 0 0
219 5347 0
220 0 0
221 0 0
222 0 0
223 0 0

0 0 0
1 0 0
2 0 0
3 0 0
4 0 0
5 0 0
6 0 0
7 0 0
8 0 0
9 0 0
10 0 0
11 2669 0
12 0 0
13 4972 6
14 0 0
15 0 0
16 0 0
17 0 0
18 0 0
19 0 0
20 0 0
21 0 0
22 0 0
23 0 0
24 7932 0
25 0 0
26 0 0
27 0 0
28 0 0
29 0 0
30 0 0
31 0 0
32 0 0
33 0 0
34 0 0
35 0 0
36 0 0
37 0 0
38 231 6
39 0 0
40 0 0
41 0 0
42 0 0
43 0 0
44 1467 5
45 4147 6
46 2829 3
47 0 0
48 0 0
49 0 0
50 0 0
51 0 0
52 0 0
53 2551 5
54 0 0
55 0 0
56 0 0
57 0 0
58 0 0
59 0 0
60 3236 6
61 0 0
62 0 0
63 0 0
64 7188 7
65 2420 2
66 2281 0
67 0 0
68 0 0
69 0 0
70 0 0
71 0 0
72 0 0
73 0 0
74 0 0
75 0 0
76 0 0
77 0 0
78 0 0
79 0 0
80 0 0
81 0 0
82 0 0
83 0 0
84 0 0
85 0 0
86 0 0
87 0 0
88 5858 6
89 0 0
90 0 0
91 0 0
92 0 0
93 0 0
94 0 0
95 0 0
96 0 0
97 0 0
98 0 0
99 0 0
100 0 0
101 0 0
102 0 0
103 0 0
104 0 0
105 0 0
106 3495 4
107 0 0
108 0 0
109 2461 6
110 0 0
111 0 0
112 0 0
113 4910 6
114 0 0
115 0 0
116 0 0
117 0 0
118 0 0
119 0 0
120 0 0
121 0 0
122 0 0
123 0 0
124 0 0
125 7833 2
126 0 0
127 0 0
128 0 0
129 0 0
130 2439 1
131 0 0
132 0 0
133 0 0
134 0 0
135 0 0
136 0 0
137 0 0
138 1017 1
139 7451 2
140 0 0
141 0 0
142 0 0
143 0 0
144 0 0
145 0 0
146 0 0
147 0 0
148 0 0
149 7440 0
150 0 0
151 0 0
152 1066 3
153 5583 4
154 0 0
155 0 0
156 0 0
157 0 0
158 0 0
159 1694 7
160 953 1
161 0 0
162 0 0
163 4092 3
164 0 0
165 0 0
166 0 0
167 0 0
168 0 0
169 0 0
170 0 0
171 4134 0
172 0 0
173 0 0
174 0 0
175 0 0
176 0 0
177 0 0
178 0 0
179 0 0
180 3357 0
181 0 0
182 3615 3
183 0 0
184 0 0
185 0 0
186 0 0
187 0 0
188 0 0
189 5652 3
190 0 0
191 0 0
192 0 0
193 0 0
194 0 0
195 0 0
196 0 0
197 5437 3
198 0 0
199 0 0
200 0 0
201 0 0
202 0 0
203 0 0
204 0 0
205 0 0
206 6439 3
207 0 0
208 0 0
209 0 0
210 0 0
211 0 0
212 0 0
213 0 0
214 0 0
215 0 0
216 0 0
217 0 0
218 0 0
219 0 0
220 5895 1
221 0 0
222 3102 2
223 0 0

0 0 0
1 0 0
2 0 0
3 0 0
4 0 0
5 0 0
6 0 0
7 0 0
8 0 0
9 0 0
10 1266 6
11 0 0
12 0 0
13 0 0
14 0 0
15 0 0
16 0 0
17 0 0
18 0 0
19 0 0
20 0 0
21 0 0
22 5720 0
23 0 0
24 0 0
25 0 0
26 0 0
27 0 0
28 611 5
29 0 0
30 6375 7
31 0 0
32 0 0
33 0 0
34 0 0
35 0 0
36 4798 2
37 7302 1
38 0 0
39 0 0
40 0 0
41 0 0
42 0 0
43 0 0
44 0 0
45 0 0
46 5151 2
47 0 0
48 0 0
49 0 0
50 6341 5
51 0 0
52 0 0
53 0 0
54 0 0
55 0 0
56 0 0
57 0 0
58 0 0
59 0 0
60 6948 7
61 0 0
62 0 0
63 0 0
64 0 0
65 0 0
66 4945 4
67 0 0
68 0 0
69 0 0
70 5172 6
71 0 0
72 0 0
73 0 0
74 0 0
75 0 0
76 0 0
77 2655 7
78 0 0
79 6885 5
80 0 0
81 0 0
82 0 0
83 0 0
84 0 0
85 0 0
86 0 0
87 0 0
88 0 0
89 0 0
90 0 0
91 0 0
92 0 0
93 0 0
94 6544 5
95 0 0
96 0 0
97 0 0
98 0 0
99 0 0
100 4336 6
101 0 0
102 0 0
103 0 0
104 0 0
105 4655 6
106 0 0
107 0 0
108 0 0
109 0 0
110 0 0
111 0 0
112 0 0
113 0 0
114 3313 4
115 0 0
116 0 0
117 0 0
118 0 0
119 0 0
120 0 0
121 0 0
122 0 0
123 4745 0
124 0 0
125 2653 3
126 0 0
127 0 0
128 0 0
129 0 0
130 0 0
131 0 0
132 0 0
133 0 0
134 0 0
135 0 0
136 0 0
137 0 0
138 4935 5
139 0 0
140 0 0
141 0 0
142 0 0
143 0 0
144 0 0
145 0 0
146 0 0
147 0 0
148 0 0
149 0 0
150 0 0
151 0 0
152 6893 0
153 0 0
154 0 0
155 0 0
156 0 0
157 0 0
158 0 0
159 0 0
160 0 0
161 0 0
162 0 0
163 0 0
164 0 0
165 3234 5
166 0 0
167 0 0
168 0 0
169 0 0
170 0 0
171 0 0
172 7253 4
173 0 0
174 0 0
175 249 6
176 4074 3
177 0 0
178 2951 7
179 0 0
180 0 0
181 0 0
182 0 0
183 0 0
184 0 0
185 0 0
186 0 0
187 0 0
188 0 0
189 5945 1
190 0 0
191 0 0
192 0 0
193 0 0
194 0 0
195 0 0
196 0 0
197 0 0
198 0 0
199 0 0
200 1807 6
201 0 0
202 0 0
203 0 0
204 0 0
205 2572 7
206 0 0
207 0 0
208 0 0
209 0 0
210 0 0
211 0 0
212 0 0
213 0 0
214 0 0
215 0 0
216 0 0
217 0 0
218 0 0
219 0 0
220 0 0
221 0 0
222 0 0
223 0 0

