4,6c4,6
< ring_data.r[0].e: 2984
< ring_data.r[0].nhits: 1
< ring_data.r[0].segment: [0][0][0][0][0][0][0][0][0][0][0][0][0][1][0][0][0][0][0][0][0][0][0][0][0][0][0][0]
---
> ring_data.r[0].e: 3753
> ring_data.r[0].nhits: 2
> ring_data.r[0].segment: [0][0][0][0][0][0][0][0][0][0][0][0][0][1][0][0][0][1][0][0][0][0][0][0][0][0][0][0]
12,14c12,14
< ring_data.r[2].e: 5999
< ring_data.r[2].nhits: 1
< ring_data.r[2].segment: [0][0][0][0][0][0][0][1][0][0][0][0][0][0][0][0][0][0][0][0][0][0][0][0][0][0][0][0]
---
> ring_data.r[2].e: 10579
> ring_data.r[2].nhits: 2
> ring_data.r[2].segment: [0][0][0][0][0][0][0][1][0][0][0][0][0][1][0][0][0][0][0][0][0][0][0][0][0][0][0][0]
16,18c16,18
< ring_data.r[3].e: 0
< ring_data.r[3].nhits: 0
< ring_data.r[3].segment: [0][0][0][0][0][0][0][0][0][0][0][0][0][0][0][0][0][0][0][0][0][0][0][0][0][0][0][0]
---
> ring_data.r[3].e: 5347
> ring_data.r[3].nhits: 1
> ring_data.r[3].segment: [1][0][0][0][0][0][0][0][0][0][0][0][0][0][0][0][0][0][0][0][0][0][0][0][0][0][0][0]
20,22c20,22
< ring_data.r[4].e: 3211
< ring_data.r[4].nhits: 2
< ring_data.r[4].segment: [0][0][0][0][0][1][0][0][0][0][0][0][0][0][0][0][1][0][0][0][0][0][0][0][0][0][0][0]
---
> ring_data.r[4].e: 11474
> ring_data.r[4].nhits: 5
> ring_data.r[4].segment: [0][1][0][0][0][1][0][0][0][1][0][0][0][0][0][0][1][0][0][0][0][0][0][0][0][1][0][0]
24,26c24,26
< ring_data.r[5].e: 17218
< ring_data.r[5].nhits: 3
< ring_data.r[5].segment: [0][0][0][0][0][0][0][1][0][0][0][0][0][0][0][0][0][0][1][0][0][0][1][0][0][0][0][0]
---
> ring_data.r[5].e: 30289
> ring_data.r[5].nhits: 6
> ring_data.r[5].segment: [0][0][0][0][0][0][0][1][0][0][0][0][0][0][0][0][1][0][1][0][1][0][1][1][0][0][0][0]
28,30c28,30
< ring_data.r[6].e: 0
< ring_data.r[6].nhits: 0
< ring_data.r[6].segment: [0][0][0][0][0][0][0][0][0][0][0][0][0][0][0][0][0][0][0][0][0][0][0][0][0][0][0][0]
---
> ring_data.r[6].e: 7950
> ring_data.r[6].nhits: 1
> ring_data.r[6].segment: [0][0][0][0][0][0][0][0][0][0][0][0][0][0][0][0][0][0][0][0][0][0][0][0][0][1][0][0]
32,34c32,34
< ring_data.r[7].e: 0
< ring_data.r[7].nhits: 0
< ring_data.r[7].segment: [0][0][0][0][0][0][0][0][0][0][0][0][0][0][0][0][0][0][0][0][0][0][0][0][0][0][0][0]
---
> ring_data.r[7].e: 4559
> ring_data.r[7].nhits: 1
> ring_data.r[7].segment: [0][0][0][0][0][1][0][0][0][0][0][0][0][0][0][0][0][0][0][0][0][0][0][0][0][0][0][0]
36,38c36,38
< ring_data.r[0].e: 14163
< ring_data.r[0].nhits: 3
< ring_data.r[0].segment: [0][0][0][1][0][0][0][1][0][0][0][0][0][0][1][0][0][0][0][0][0][0][0][0][0][0][0][0]
---
> ring_data.r[0].e: 29823
> ring_data.r[0].nhits: 6
> ring_data.r[0].segment: [0][0][0][1][1][0][0][1][1][0][0][0][0][0][1][0][0][0][0][0][0][0][0][0][1][0][0][0]
40,42c40,42
< ring_data.r[1].e: 7854
< ring_data.r[1].nhits: 1
< ring_data.r[1].segment: [0][0][0][0][1][0][0][0][0][0][0][0][0][0][0][0][0][0][0][0][0][0][0][0][0][0][0][0]
---
> ring_data.r[1].e: 10274
> ring_data.r[1].nhits: 2
> ring_data.r[1].segment: [0][0][0][0][1][0][0][0][0][0][0][0][0][0][0][0][0][0][0][1][0][0][0][0][0][0][0][0]
44,46c44,46
< ring_data.r[2].e: 8579
< ring_data.r[2].nhits: 3
< ring_data.r[2].segment: [0][0][0][0][1][0][0][0][0][0][1][0][0][0][0][0][0][0][1][0][0][0][0][0][0][0][0][0]
---
> ring_data.r[2].e: 26236
> ring_data.r[2].nhits: 6
> ring_data.r[2].segment: [0][0][0][0][1][0][1][0][0][0][1][1][0][0][0][0][0][0][1][1][0][0][0][0][0][0][0][0]
48,50c48,50
< ring_data.r[3].e: 13698
< ring_data.r[3].nhits: 3
< ring_data.r[3].segment: [0][0][0][0][0][0][1][0][0][0][1][0][0][0][0][0][0][0][0][0][0][0][0][0][1][0][0][0]
---
> ring_data.r[3].e: 23194
> ring_data.r[3].nhits: 6
> ring_data.r[3].segment: [0][0][0][0][0][0][1][1][0][0][1][0][0][0][0][0][0][0][0][0][0][0][0][1][1][0][1][0]
52,54c52,54
< ring_data.r[4].e: 12688
< ring_data.r[4].nhits: 2
< ring_data.r[4].segment: [0][0][0][0][1][0][0][0][0][0][0][0][0][0][0][0][0][0][0][1][0][0][0][0][0][0][0][0]
---
> ring_data.r[4].e: 23167
> ring_data.r[4].nhits: 5
> ring_data.r[4].segment: [1][0][0][0][1][1][0][0][0][0][0][0][0][0][0][0][0][0][0][1][0][0][1][0][0][0][0][0]
56,58c56,58
< ring_data.r[5].e: 13485
< ring_data.r[5].nhits: 2
< ring_data.r[5].segment: [0][0][0][0][1][0][0][0][0][0][0][0][1][0][0][0][0][0][0][0][0][0][0][0][0][0][0][0]
---
> ring_data.r[5].e: 28881
> ring_data.r[5].nhits: 5
> ring_data.r[5].segment: [0][0][0][1][1][0][0][0][0][1][0][0][1][0][0][0][0][0][0][0][0][0][0][0][0][1][0][0]
60,62c60,62
< ring_data.r[6].e: 13926
< ring_data.r[6].nhits: 2
< ring_data.r[6].segment: [0][0][1][0][0][0][0][0][0][0][0][0][0][0][0][0][0][0][0][0][0][1][0][0][0][0][0][0]
---
> ring_data.r[6].e: 23472
> ring_data.r[6].nhits: 5
> ring_data.r[6].segment: [1][0][1][0][0][1][0][0][0][0][0][0][0][0][0][0][0][0][0][0][0][1][1][0][0][0][0][0]
68,70c68,70
< ring_data.r[0].e: 9932
< ring_data.r[0].nhits: 2
< ring_data.r[0].segment: [0][0][0][0][0][1][0][0][0][0][0][0][0][0][0][0][1][0][0][0][0][0][0][0][0][0][0][0]
---
> ring_data.r[0].e: 24013
> ring_data.r[0].nhits: 4
> ring_data.r[0].segment: [0][0][0][0][0][1][0][0][1][0][0][0][0][0][0][0][1][0][0][1][0][0][0][0][0][0][0][0]
72,74c72,74
< ring_data.r[1].e: 5583
< ring_data.r[1].nhits: 1
< ring_data.r[1].segment: [0][0][0][0][0][0][0][0][1][0][0][0][0][0][0][0][0][0][0][0][0][0][0][0][0][0][0][0]
---
> ring_data.r[1].e: 10493
> ring_data.r[1].nhits: 2
> ring_data.r[1].segment: [0][0][0][0][0][0][0][0][1][0][0][0][0][1][0][0][0][0][0][0][0][0][0][0][0][0][0][0]
76,78c76,78
< ring_data.r[2].e: 0
< ring_data.r[2].nhits: 0
< ring_data.r[2].segment: [0][0][0][0][0][0][0][0][0][0][0][0][0][0][0][0][0][0][0][0][0][0][0][0][0][0][0][0]
---
> ring_data.r[2].e: 3495
> ring_data.r[2].nhits: 1
> ring_data.r[2].segment: [0][0][0][0][0][0][0][0][0][0][0][0][0][0][1][0][0][0][0][0][0][0][0][0][0][0][0][0]
80,82c80,82
< ring_data.r[3].e: 0
< ring_data.r[3].nhits: 0
< ring_data.r[3].segment: [0][0][0][0][0][0][0][0][0][0][0][0][0][0][0][0][0][0][0][0][0][0][0][0][0][0][0][0]
---
> ring_data.r[3].e: 4745
> ring_data.r[3].nhits: 1
> ring_data.r[3].segment: [0][0][0][0][0][0][0][0][0][0][0][0][1][0][0][0][0][0][0][0][0][0][0][0][0][0][0][0]
84,86c84,86
< ring_data.r[4].e: 1467
< ring_data.r[4].nhits: 1
< ring_data.r[4].segment: [0][0][0][0][0][0][0][0][0][0][0][0][0][0][0][0][0][0][0][0][0][0][1][0][0][0][0][0]
---
> ring_data.r[4].e: 9501
> ring_data.r[4].nhits: 3
> ring_data.r[4].segment: [0][0][0][0][0][0][0][0][0][0][0][0][0][0][0][0][0][0][0][0][1][0][1][1][0][0][0][0]
88,90c88,90
< ring_data.r[5].e: 12506
< ring_data.r[5].nhits: 3
< ring_data.r[5].segment: [0][0][0][0][0][0][0][0][0][0][0][0][1][0][0][0][0][0][0][0][0][1][0][1][0][0][0][0]
---
> ring_data.r[5].e: 30031
> ring_data.r[5].nhits: 7
> ring_data.r[5].segment: [0][0][0][0][1][0][0][0][0][0][0][0][1][0][1][0][0][0][0][0][0][1][1][1][0][0][1][0]
92,94c92,94
< ring_data.r[6].e: 231
< ring_data.r[6].nhits: 1
< ring_data.r[6].segment: [0][0][0][0][0][0][0][0][0][0][0][0][0][0][0][0][0][0][0][0][0][0][0][1][0][0][0][0]
---
> ring_data.r[6].e: 11102
> ring_data.r[6].nhits: 3
> ring_data.r[6].segment: [0][0][0][0][0][0][0][0][0][0][0][0][0][0][0][0][0][0][0][0][0][0][1][1][0][1][0][0]
96,98c96,98
< ring_data.r[7].e: 0
< ring_data.r[7].nhits: 0
< ring_data.r[7].segment: [0][0][0][0][0][0][0][0][0][0][0][0][0][0][0][0][0][0][0][0][0][0][0][0][0][0][0][0]
---
> ring_data.r[7].e: 1694
> ring_data.r[7].nhits: 1
> ring_data.r[7].segment: [0][0][0][0][0][0][0][0][1][0][0][0][0][0][0][0][0][0][0][0][0][0][0][0][0][0][0][0]
102c102
< [0][0][1][1][0][1][0][1]
---
> [1][1][1][1][1][1][0][1]
104c104
< [0][1][1][1][0][0][1][1]
---
> [1][1][1][1][1][1][1][1]
113,114d112
< Ring: 2	[0][1][0][0][0][0][0][0]
< Ring: 3	[0][0][0][0][0][0][0][0]
116c114,119
< Ring: 4	[0][0][1][0][0][0][0][0]
---
> Ring: 2	[0][1][1][0][0][0][0][0]
> Trigger found at T=0ns
> Ring: 3	[0][0][0][1][0][0][0][0]
> Trigger found at T=8ns
> Trigger found at T=4ns
> Ring: 4	[0][1][1][0][0][0][0][0]
118a122
> Trigger found at T=4ns
120,122c124,128
< Ring: 5	[1][1][0][1][0][0][0][0]
< Ring: 6	[0][0][0][0][0][0][0][0]
< Ring: 7	[0][0][0][0][0][0][0][0]
---
> Ring: 5	[1][1][1][1][0][0][0][0]
> Trigger found at T=0ns
> Ring: 6	[0][0][0][1][0][0][0][0]
> Trigger found at T=0ns
> Ring: 7	[0][0][0][1][0][0][0][0]
123a130
> Trigger found at T=12ns
124a132,133
> Trigger found at T=0ns
> Trigger found at T=-4ns
127c136,137
< Ring: 0	[0][0][1][0][0][1][0][1]
---
> Ring: 0	[1][0][1][1][1][1][0][1]
> Trigger found at T=8ns
129c139
< Ring: 1	[0][0][0][0][0][0][0][1]
---
> Ring: 1	[0][1][0][0][0][0][0][1]
135a146,147
> Trigger found at T=-8ns
> Trigger found at T=-12ns
137c149,151
< Ring: 3	[0][1][0][1][0][0][0][1]
---
> Ring: 3	[0][1][0][1][0][1][1][1]
> Trigger found at T=4ns
> Trigger found at T=0ns
140c154,155
< Ring: 4	[0][0][0][0][0][1][1][0]
---
> Trigger found at T=-16ns
> Ring: 4	[0][0][1][1][0][1][1][1]
143c158,160
< Ring: 5	[1][1][0][0][0][0][0][0]
---
> Trigger found at T=0ns
> Trigger found at T=-4ns
> Ring: 5	[1][1][0][1][1][0][0][0]
144a162
> Trigger found at T=8ns
146c164
< Ring: 6	[1][0][0][0][0][1][0][0]
---
> Ring: 6	[1][1][0][0][0][1][0][0]
149a168,169
> Trigger found at T=0ns
> Trigger found at T=-4ns
151c171,174
< Ring: 0	[1][0][0][0][0][1][0][0]
---
> Ring: 0	[1][0][0][1][1][1][0][0]
> Trigger found at T=-8ns
> Trigger found at T=-16ns
> Ring: 1	[0][0][0][0][0][1][0][1]
153,155c176,180
< Ring: 1	[0][0][0][0][0][0][0][1]
< Ring: 2	[0][0][0][0][0][0][0][0]
< Ring: 3	[0][0][0][0][0][0][0][0]
---
> Ring: 2	[0][0][0][0][0][0][0][1]
> Trigger found at T=0ns
> Ring: 3	[0][0][0][1][0][0][0][0]
> Trigger found at T=8ns
> Trigger found at T=-8ns
157c182
< Ring: 4	[0][0][0][0][0][0][1][0]
---
> Ring: 4	[0][1][0][0][0][1][1][0]
159a185
> Trigger found at T=-8ns
161c187,189
< Ring: 5	[1][0][1][0][0][0][1][0]
---
> Ring: 5	[1][0][1][0][0][1][1][0]
> Trigger found at T=8ns
> Trigger found at T=0ns
163,164c191,193
< Ring: 6	[0][0][0][0][0][1][0][0]
< Ring: 7	[0][0][0][0][0][0][0][0]
---
> Ring: 6	[0][1][0][1][0][1][0][0]
> Trigger found at T=-4ns
> Ring: 7	[0][0][0][0][1][0][0][0]
