24,26c24,26
< ring_data.r[5].e: 17218
< ring_data.r[5].nhits: 3
< ring_data.r[5].segment: [0][0][0][0][0][0][0][1][0][0][0][0][0][0][0][0][0][0][1][0][0][0][1][0][0][0][0][0]
---
> ring_data.r[5].e: 30289
> ring_data.r[5].nhits: 6
> ring_data.r[5].segment: [0][0][0][0][0][0][0][1][0][0][0][0][0][0][0][0][1][0][1][0][1][0][1][1][0][0][0][0]
28,30c28,30
< ring_data.r[6].e: 0
< ring_data.r[6].nhits: 0
< ring_data.r[6].segment: [0][0][0][0][0][0][0][0][0][0][0][0][0][0][0][0][0][0][0][0][0][0][0][0][0][0][0][0]
---
> ring_data.r[6].e: 7950
> ring_data.r[6].nhits: 1
> ring_data.r[6].segment: [0][0][0][0][0][0][0][0][0][0][0][0][0][0][0][0][0][0][0][0][0][0][0][0][0][1][0][0]
56,58c56,58
< ring_data.r[5].e: 13485
< ring_data.r[5].nhits: 2
< ring_data.r[5].segment: [0][0][0][0][1][0][0][0][0][0][0][0][1][0][0][0][0][0][0][0][0][0][0][0][0][0][0][0]
---
> ring_data.r[5].e: 28881
> ring_data.r[5].nhits: 5
> ring_data.r[5].segment: [0][0][0][1][1][0][0][0][0][1][0][0][1][0][0][0][0][0][0][0][0][0][0][0][0][1][0][0]
60,62c60,62
< ring_data.r[6].e: 3615
< ring_data.r[6].nhits: 1
< ring_data.r[6].segment: [0][0][0][0][0][1][0][0][0][0][0][0][0][0][0][0][0][0][0][0][0][0][0][0][0][0][0][0]
---
> ring_data.r[6].e: 23472
> ring_data.r[6].nhits: 5
> ring_data.r[6].segment: [1][0][1][0][0][1][0][0][0][0][0][0][0][0][0][0][0][0][0][0][0][1][1][0][0][0][0][0]
88,90c88,90
< ring_data.r[5].e: 12506
< ring_data.r[5].nhits: 3
< ring_data.r[5].segment: [0][0][0][0][0][0][0][0][0][0][0][0][1][0][0][0][0][0][0][0][0][1][0][1][0][0][0][0]
---
> ring_data.r[5].e: 30031
> ring_data.r[5].nhits: 7
> ring_data.r[5].segment: [0][0][0][0][1][0][0][0][0][0][0][0][1][0][1][0][0][0][0][0][0][1][1][1][0][0][1][0]
92,94c92,94
< ring_data.r[6].e: 5151
< ring_data.r[6].nhits: 1
< ring_data.r[6].segment: [0][0][0][0][0][0][0][0][0][0][0][0][0][0][0][0][0][0][0][0][0][0][1][0][0][0][0][0]
---
> ring_data.r[6].e: 11102
> ring_data.r[6].nhits: 3
> ring_data.r[6].segment: [0][0][0][0][0][0][0][0][0][0][0][0][0][0][0][0][0][0][0][0][0][0][1][1][0][1][0][0]
102c102
< [0][0][1][1][0][0][0][0]
---
> [0][1][1][1][0][0][0][0]
117a118,120
> Trigger found at T=4ns
> Trigger found at T=0ns
> Ring: 5	[1][1][1][1][0][0][0][0]
119,120c122
< Ring: 5	[1][1][0][1][0][0][0][0]
< Ring: 6	[0][0][0][0][0][0][0][0]
---
> Ring: 6	[0][0][0][1][0][0][0][0]
135c137,139
< Ring: 5	[1][1][0][0][0][0][0][0]
---
> Trigger found at T=0ns
> Trigger found at T=-4ns
> Ring: 5	[1][1][0][1][1][0][0][0]
137c141,143
< Ring: 6	[1][0][0][0][0][0][0][0]
---
> Trigger found at T=8ns
> Trigger found at T=-8ns
> Ring: 6	[1][1][0][0][0][1][0][0]
149a156
> Trigger found at T=-8ns
151c158
< Ring: 5	[1][0][1][0][0][0][1][0]
---
> Ring: 5	[1][0][1][0][0][1][1][0]
153c160,162
< Ring: 6	[0][1][0][0][0][0][0][0]
---
> Trigger found at T=0ns
> Trigger found at T=-8ns
> Ring: 6	[0][1][0][1][0][1][0][0]
